%list of colormaps for SOSE database


VELcm=diverging_map(0:.0001:1,[0.030000 0.570000 0.820000],[1.000000 0.150000 0.070000]);
VELcm(1,:)= [0.10000 0.400000 1]; %to identify NaNs by eye


TEMPcm=diverging_map(0:.0001:1,[0.200000 0.200000 0.600000],[0.930000 0.110000 0.140000]);
%TEMPcm(1,:)= [0.10000 0.400000 1];


CURLcm=diverging_map(0:.001:1,[0.000000 1.000000 0.000000],[0.690000 0.610000 0.850000]);
CURLcm(1,:)= [0.10000 0.400000 1];

WINDcm=diverging_map(0:.001:1,[0.670000 0.900000 0.930000],[0.620000 0.000000 1.000000]);
WINDcm(1,:)= [0.10000 0.400000 1];


%RATIOcm=diverging_map(0:.001:1,[0.000000 1.000000 1.000000],[0.960000 0.730000 1.000000]);

